#https://docs.google.com/spreadsheet/ccc?key=0AvM8z7PWCgjzdHlqc1ladFpKcjd5VFNSeWNSOXQ2T0E&hl=en_US#gid=5
#planes
name	iAsset	radius	damage	rate	armor	speed	cost	unlock	upgrades	class	level	nosale
Bee	0	12	0.05	0.05	0.30	0.40	250	0	2	0	0	
Wasp	1	12	0.05	0.10	0.30	0.50	750	0	0	0	1	
Hornet	2	12	0.10	0.15	0.30	0.60	1000	0	0	0	2	
Jem	3	12	0.20	0.10	0.10	0.10	250	0	2	1	0	
Jem II	4	12	0.20	0.15	0.20	0.20	500	0	0	1	1	
Jem VSBL	5	12	0.20	0.20	0.30	0.20	750	0	0	2	2	
Bat	6	20	0.30	0.40	0.30	0.20	300	1	2	3	0	
Bat II	7	20	0.20	0.40	0.30	0.80	750	0	0	3	1	
Bat III	8	23	0.20	0.40	0.30	0.80	1100	0	0	3	2	
Osp	9	35	0.40	0.40	0.30	0.80	2500	8	2	3	3	
Osp II	10	35	0.20	0.40	0.30	0.80	5000	0	0	3	4	
Osp III	11	38	0.20	0.40	0.30	0.80	10000	0	0	3	5	
Dipt	12	20	0.50	0.40	0.30	0.80	2500	5	2	1	3	
Dipt X	13	20	0.20	0.40	0.30	0.80	5000	0	0	1	4	
Dipt XI	14	20	0.20	0.40	0.30	0.80	10000	0	0	1	5	
Cyg X-1	15	27	0.30	0.40	0.30	0.80	2500	2	2	0	3	
Cyg X-2	16	27	0.20	0.40	0.30	0.80	5000	0	0	0	4	
Cyg X-3	17	27	0.20	0.40	0.30	0.80	10000	0	0	0	5	
Roc	18	18	0.60	0.40	0.30	0.80	2500	8	2	3	3	
Roc II	19	20	0.20	0.40	0.30	0.80	5000	0	0	3	4	
Roc III	20	20	0.20	0.40	0.30	0.80	10000	0	0	3	5	
Atac	21	20	0.50	0.40	0.30	0.80	2500	5	2	2	3	
Atac II	22	18	0.20	0.40	0.30	0.80	5000	0	0	2	4	
Atac III	23	18	0.20	0.40	0.30	0.80	10000	0	0	2	5	
???	24	20	0.10	0.40	0.30	0.80	100000	0	0	2	8	TRUE
Vee	25	30	0.02	0.40	0.30	0.80	2500	8	2	3	3	
Vee T	26	30	0.20	0.40	0.30	0.80	5000	0	0	3	4	
Vee X	27	27	0.20	0.40	0.30	0.80	10000	0	0	3	5	
Ghost	28	21	0.20	0.40	0.30	0.80	2500	2	2	0	3	
Phantom	29	21	0.20	0.40	0.30	0.80	5000	0	0	0	4	
Banshee	30	22	0.20	0.40	0.30	0.80	11000	0	0	0	5	
Esox	31	21	0.50	0.40	0.30	0.80	2500	5	2	2	3	
Pike	32	22	0.20	0.40	0.30	0.80	5000	0	0	2	4	
Musky	33	24	0.20	0.40	0.30	0.80	12500	0	0	2	5	
Raven	34	16	0.50	0.40	0.30	0.80	2500	2	2	0	3	
Corvid	35	18	0.20	0.40	0.30	0.80	7500	0	0	0	4	
NvrMor	36	20	0.20	0.40	0.30	0.80	12500	0	0	0	5	

#hulls
name	iAsset	radius	damage	rate	armor	speed	cost	up1	up2
Hunter	0	38	0.00	0.00	0.10	0.10	1000	0	1
Wreckingball	1	30	0.00	0.00	0.50	0.20	4000	2	3
Seeker	2	30	0.00	0.00	0.60	0.30	7000	4	5
Rhino	3	35	0.00	0.00	0.80	0.20	20000	5	6
Hunter X	4	42	0.00	0.00	0.90	0.10	20000	7	8

#turrets
name	iAsset	damage	rate	cost	up1	up2
Stinger	0	0.10	0.10	1000	0	1
Destroyer	1	0.30	0.20	3000	2	3
Fuzo	2	0.40	0.10	5000	4	5
Kratos	3	0.60	0.10	4000	5	6
Triclops	4	0.50	0.10	20000	7	8

#hullups
name	damage	rate	armor	speed	cost
+500 Armor	0.00	0.00	0.30	0.00	1000
Aft Cannons	0.10	0.10	0.00	0.00	1000
+300 Armor	0.00	0.00	0.20	0.00	2000
+25% Speed	0.00	0.00	0.00	0.30	3000
Adds Shield	0.20	0.10	0.20	0.00	5000
+25% Speed	0.00	0.00	0.00	0.20	6000
+800 Armor	0.00	0.00	0.30	0.00	7000
Adds Shield	0.20	0.20	0.20	0.00	7000
+500 Armor	0.00	0.00	0.30	0.00	10000
Aft Cannons	0.20	0.20	0.00	0.00	10000

#turretups
name	damage	rate	armor	speed	cost
+100% Firerate	0.00	0.50	0.00	0.00	1000
+50% Damage	0.10	0.00	0.00	0.00	1000
Spread Fire	0.00	0.00	0.00	0.00	2000
Rockets	0.40	0.40	0.00	0.00	3000
Double Fusion	0.30	0.00	0.00	0.00	5000
+50% Firerate	0.00	0.30	0.00	0.00	5000
+33% Firerate	0.00	0.30	0.00	0.00	7000
Rocket Upgrade	0.30	0.00	0.00	0.00	7000
+33% Damage	0.30	0.00	0.00	0.00	8000
+25% Firerate	0.00	0.25	0.00	0.00	8000

#end